Run 1:
Optimal Path: [8, 24, 41, 46, 3, 27, 45, 9, 10, 28, 2, 5, 0, 33, 47, 26, 20, 21, 42, 18, 16, 44, 14, 15, 38, 43, 29, 11, 40, 19, 7, 13, 35, 23, 12, 36, 6, 1, 22, 48, 32, 17, 49, 50, 39, 31, 25, 37, 30, 34, 4, 8]
Optimal Cost: 471.88

Run 2:
Optimal Path: [41, 24, 34, 23, 30, 11, 18, 16, 44, 14, 15, 38, 21, 37, 6, 26, 47, 5, 2, 28, 10, 9, 45, 27, 3, 46, 8, 4, 35, 13, 7, 19, 40, 42, 29, 43, 50, 39, 49, 17, 48, 32, 0, 33, 22, 31, 1, 25, 20, 36, 12, 41]
Optimal Cost: 464.97

Run 3:
Optimal Path: [48, 32, 0, 33, 5, 2, 28, 10, 9, 45, 27, 36, 6, 25, 20, 37, 21, 11, 40, 19, 7, 13, 35, 4, 8, 24, 34, 23, 30, 12, 41, 46, 3, 47, 26, 1, 22, 31, 43, 29, 42, 18, 16, 44, 14, 15, 38, 50, 39, 49, 17, 48]
Optimal Cost: 458.46

Run 4:
Optimal Path: [27, 36, 20, 25, 26, 47, 41, 24, 34, 23, 12, 30, 37, 21, 29, 43, 39, 50, 38, 15, 14, 44, 16, 18, 42, 11, 40, 19, 7, 13, 35, 4, 8, 46, 3, 6, 1, 31, 22, 48, 49, 17, 32, 0, 33, 5, 2, 28, 10, 9, 45, 27]
Optimal Cost: 467.58

Run 5:
Optimal Path: [10, 9, 45, 3, 12, 30, 23, 35, 13, 7, 19, 40, 42, 29, 38, 15, 14, 44, 16, 18, 11, 37, 21, 43, 50, 39, 31, 22, 48, 49, 17, 32, 0, 33, 5, 2, 27, 24, 34, 4, 8, 46, 41, 36, 6, 20, 25, 1, 26, 47, 28, 10]
Optimal Cost: 480.51

Run 6:
Optimal Path: [31, 48, 32, 17, 49, 39, 50, 43, 37, 30, 12, 36, 6, 26, 47, 28, 10, 9, 45, 3, 46, 8, 4, 13, 35, 23, 34, 24, 41, 27, 2, 5, 0, 33, 22, 1, 25, 20, 29, 38, 15, 14, 44, 16, 18, 19, 7, 40, 11, 42, 21, 31]
Optimal Cost: 473.35

Run 7:
Optimal Path: [39, 49, 17, 32, 48, 22, 47, 28, 10, 9, 45, 3, 46, 41, 6, 26, 33, 0, 5, 2, 27, 36, 37, 21, 42, 18, 16, 44, 14, 15, 38, 50, 31, 1, 25, 20, 30, 12, 4, 8, 24, 34, 23, 35, 13, 7, 19, 40, 11, 29, 43, 39]
Optimal Cost: 498.78

Run 8:
Optimal Path: [29, 42, 11, 30, 36, 12, 4, 8, 46, 3, 2, 5, 33, 0, 32, 17, 49, 48, 22, 31, 1, 6, 26, 47, 28, 10, 9, 45, 27, 41, 24, 34, 23, 35, 13, 7, 19, 40, 18, 16, 44, 14, 15, 38, 50, 39, 43, 25, 20, 37, 21, 29]
Optimal Cost: 466.56

Run 9:
Optimal Path: [5, 2, 3, 46, 8, 4, 35, 13, 7, 19, 40, 11, 37, 20, 25, 21, 43, 29, 42, 18, 16, 44, 14, 15, 38, 50, 39, 31, 1, 26, 47, 28, 10, 9, 45, 27, 12, 30, 23, 34, 24, 41, 36, 6, 22, 48, 49, 17, 32, 0, 33, 5]
Optimal Cost: 473.2

Run 10:
Optimal Path: [33, 48, 49, 17, 32, 22, 1, 6, 36, 12, 30, 11, 18, 16, 44, 14, 15, 38, 50, 39, 21, 37, 20, 25, 26, 27, 3, 46, 41, 24, 8, 4, 34, 23, 35, 13, 7, 19, 40, 42, 29, 43, 31, 0, 5, 2, 28, 10, 9, 45, 47, 33]
Optimal Cost: 491.58

Average Optimal Cost: 474.69
